,[-0.1595754, 1.1270559, 1.1647604, 1.1616893, 1.1780674, 1.152306, 1.1860976, 1.1850152, 1.1690687, 1.167166, 1.1690863, 1.1646254, 1.144309, 1.0061239, 1.1339034, 1.0240955, 0.8919133, 0.7437023, 0.7437023, -0.82440495, -1.0733956, -0.68697846, -0.68697846, -0.68697846, -0.68697846, -0.68697846, -0.720611, -1.070028, -1.0982107, -1.0987183, -0.2560153, -0.2560153, -0.44960982, -0.326909, 0.19809635, -0.0928442, -0.9340769, 0.23091067, 0.5092158, 0.33924997]
,[-0.1595754, -0.1595754, 1.0177274, 1.0665518, 1.1606305, 1.197185, 1.1995717, 1.19696, 1.1891551, 1.1602443, 1.0338556, 0.6436539, 0.63995606, 1.0073676, 1.0073676, 1.0073676, 0.2721284, 0.343578, -0.8992053, -0.067422956, -0.067422956, -0.067422956, -0.067422956, -0.067422956, -0.067422956, -0.067422956, -0.067422956, -0.067422956, -0.067422956, -0.067422956, -0.067422956, -0.067422956, -0.067422956, -0.067422956, -0.067422956, -0.067422956, -0.067422956]
,[-0.1595754, -0.1595754, 1.1826599, 1.1953976, 1.1920424, 1.1964215, 1.1943719, 1.1885899, 1.199395, 1.1991497, 1.194799, 1.1508192, 0.9358355, 0.8642134, 0.77717036, 1.0689462, 1.0689462, 1.0689462, 0.37661636, 0.6020803, 0.49218416, 1.0328553, 1.0328553]
,[0.44755968, 0.6092613, 1.1637356, 1.1958468, 1.1990017, 1.1948535, 1.1625757, 1.1757938, 1.1571999, 1.1539574, 1.1572688, 1.1903414, 1.1925898, 1.1665275, 0.950657, -0.86408204, -0.15393302, -0.15393302, -0.15393302, -0.15393302, -0.15393302, -0.15393302, -0.15393302, -0.15393302, -0.15393302, -0.15393302, -0.15393302, -0.15393302, -0.15393302, -0.15393302, -0.15393302, -0.15393302, -0.15393302, -0.15393302, -0.15393302, -0.15393302, -0.15393302, -0.15393302, -0.15393302, -0.15393302, -0.5925707, -1.0002216, -1.1050603, -1.0006411, -0.9819827, -0.8360901, 0.09535957, 0.8102656, 1.1839957, 1.189996, 1.1726961]
,[-0.1595754, -0.1595754, 1.1330247, 0.90143365, 0.89531547, 1.1859012, 1.1819497, 1.1753604, 1.162447, 1.1603683, 1.1838266, 1.1407839, 1.0056183, 0.8176329, 0.56100845, 1.0109141, 1.0109141, 1.0109141, -0.60918987, -0.40961865, 0.2503223, 0.2503223, 0.2503223, 0.2503223, 0.2503223, 0.2503223]
,[-0.1595754, -0.1595754, 1.0884069, 1.1338669, 1.1341374, 1.1393733, 1.1647561, 1.1653588, 1.1893471, 1.1816064, 1.1135647, 0.99788195, 0.7269281, -0.63725996, -0.19302456, -0.19302456, -0.19302456, -0.2660665, 0.21201576, 0.21201576, 0.21201576]
,[0.3792081, 0.59106016, 1.1922799, 1.1987691, 1.1982615, 1.1786544, 1.1679302, 1.1755941, 1.179629, 1.1668416, 1.1965584, 1.1873306, 1.1726708, 1.1259387, 1.1780841, 1.1057981, 0.31569055, -0.9430667, -1.0923717, -0.76699746, -0.76699746, -0.76699746, -0.76699746, -0.76699746, -0.76699746, -0.76699746, -0.76699746, -0.76699746, -0.76699746, -0.76699746, -0.76699746, -0.76699746, -0.76699746, -0.76699746, -0.76699746, -0.76699746, -0.76699746, -0.76699746, -0.16015925, -0.09241451, -0.406428, 0.12106573, -0.06641272, 0.100424215, 0.7185534, 1.1141045]
,[-0.1595754, -0.1595754, 1.0369755, 0.99540293, 1.1212497, 1.1943429, 1.1877744, 1.1830423, 1.166909, 1.1895615, 1.1444896, 0.87811774, 0.80244386, 0.49474323, 0.97055024, 0.97055024, -0.720611, -0.16756347, -0.85660714, -0.14912862, -0.14912862, -0.14912862, -0.33678794, -0.9648568, -0.63487494, 0.19354506, 0.19354506, 0.19354506, 0.19354506, 0.19354506, 0.19354506, 0.19354506, 0.19354506, 0.19354506, 0.19354506, 0.19354506, 0.19354506, 0.19354506, 0.19354506, 0.19354506, 0.19354506, 0.19354506, 0.19354506, 0.19354506, 0.19354506, -0.2660665, -0.9613683, -1.1109831, 0.28334153, 0.28334153, -0.36903813]
,[-0.1595754, -0.1595754, 1.1348612, 1.1845717, 1.1799045, 1.1953847, 1.1946113, 1.1269921, 1.179731, 1.1133868, 0.9517693, 0.49930927, 1.0663532, 1.0663532, 1.0663532, 0.271021, -0.5905002]
,[0.16437468, 0.22636811, 0.40335456, 1.0925463, 1.1716595, 1.1628344, 1.1658343, 1.1800418, 1.1656146, 1.1474397, 1.1499177, 1.14819, 1.1898096, 1.1549884, 0.30439395, 0.23076525, 0.01213876, -0.8813619, -1.0162972, -0.14243469, -0.14243469, -0.14243469, -0.37981015, -0.9710804, -1.0982686, -0.44850305, -0.44850305, -0.44850305, 0.44755968, 0.6092613, 1.0173782, 1.0173782, 1.0173782, 0.34773773, 0.58776927]
,[-0.1595754, -0.1595754, 1.1095952, 1.1126683, 1.1301408, 1.1943657, 1.1900655, 1.180706, 1.1671827, 1.1799552, 1.1920108, 1.1635544, 1.0258598, 0.71972966, -0.8146681, -0.15424234, -0.15424234, -0.15424234, -0.15424234, -0.15424234, -0.15424234, -0.15424234, -0.15424234, -0.15424234, -0.15424234, -0.15424234, -0.15424234, -0.15424234, -0.15424234, -0.15424234, -0.15424234, -0.15424234, -0.15424234, -0.15424234, -0.15424234, -0.15424234, -0.15424234, -0.15424234, -0.15424234, -0.15424234, -0.15424234, -0.15424234, -0.35652804, -0.99604845, -1.1186153, -1.1102858, -1.1224544, -1.1102182, -0.00014021248, 0.43301964, 1.1342542, 1.1497159, 1.0403942, 1.01263]
,[-0.1595754, -0.1595754, 1.1106917, 1.1716256, 1.180857, 1.1945841, 1.1989434, 1.1981863, 1.1927304, 1.1936634, 1.1793671, 1.0883536, 0.12749544, 0.8868397, 0.8868397, 0.8868397, 0.8868397, 0.8868397, 0.8868397, 0.8868397, 0.8868397, 0.8868397, 0.8868397]
,[0.23233537, 0.62158436, 0.92607456, 0.93559986, 1.0835055, 1.1646587, 1.0641906, 1.1506355, 1.1542983, 1.1542658, 1.1779298, 1.1771836, 1.0306317, 0.61492497, 0.5024285, -0.7103503, -1.0434365, -0.48176208, -0.48176208, -0.48176208, -0.53817767, -0.9805115, -1.1052545, -1.1090752, 0.06292543, 0.06292543, 0.06292543, 0.21471174, 0.5759399, 0.71441245, -0.06228945, 0.79754186, 0.79754186, 0.79754186, 0.44755968, 0.6671376, 0.6671376, 0.6671376, -0.34879345]
,[-0.1595754, -0.1595754, 1.1313037, 1.1715448, 1.1955774, 1.1985425, 1.1950511, 1.1994207, 1.1817768, 1.1945437, 1.1444203, 1.0886006, 0.79122853, 1.068544, 1.068544, 1.068544, 1.068544, 0.44755968]
,[-0.16141896, -0.4689963, 0.9967131, 1.0799453, 1.1413189, 1.1827966, 1.1876417, 1.1991477, 1.1949376, 1.1843716, 1.1923677, 1.1757227, 1.1859956, 1.0519348, 0.88881737, 0.110597506, 0.2627507, 0.47919813, 0.47919813, 0.47919813, 0.47919813, 0.47919813, 0.47919813, 0.47919813, 0.47919813, 0.47919813]
,[-0.1595754, -0.1595754, 0.9662881, 1.0734118, 1.1683937, 1.1941123, 1.1928225, 1.1869833, 1.170145, 1.1893933, 1.1797711, 1.1504337, 0.9322581, 0.6693445, 0.2989401, 0.9667716, 0.9667716, 0.9667716, 0.9667716, -0.720611, -0.24986725]
,[-0.1595754, -0.1595754, 1.1412009, 1.1769314, 1.188726, 1.1961727, 1.1923105, 1.1899496, 1.1823064, 1.1644499, 1.169054, 1.1667209, 1.1322254, 1.0142347, 0.8423987, 0.6526024, 0.7165096, 1.0544369, 1.0544369, 1.0544369, 0.25788292, 0.5238606, -0.8531269, 0.037046336, 0.037046336, 0.037046336, 0.037046336, 0.037046336, 0.037046336, 0.037046336, 0.037046336, 0.037046336, 0.037046336, 0.037046336, 0.037046336, 0.037046336, 0.037046336, 0.037046336, 0.037046336, 0.037046336, 0.037046336, 0.037046336, 0.037046336, 0.037046336, 0.037046336, 0.037046336, 0.037046336, 0.037046336, 0.037046336, 0.037046336]
,[-0.1595754, -0.1595754, 0.9219184, 1.079221, 1.1170952, 1.1599418, 1.175919, 1.1693245, 1.1680661, 1.092668, 1.1390243, 1.1590897, 1.1884682, 1.1377513, 0.85003346, 0.64308167, 1.0676317, 1.0676317, 1.0676317, -0.720611]
,[0.27650714, 0.5845834, 1.1645172, 1.1934955, 1.1984555, 1.1934552, 1.1885333, 1.1740171, 1.1904762, 1.1836835, 1.1911911, 1.1597775, 1.1852982, 0.7405951, 0.032985788, -0.9389581, -1.0081186, -0.24549519, -0.24549519, -0.24549519, 0.33168954, -0.68447936, 0.03944194, 0.8642077, 0.8642077, 0.8642077, 0.8642077]
,[-0.1595754, -0.1595754, 1.0011349, 1.0189686, 1.164874, 1.1104774, 1.1562148, 1.1651663, 1.14032, 1.1448909, 0.90606284, 0.7403414, 0.1637144, -0.9497855, -0.31399092, -0.31399092, -0.31399092, -0.31399092, -0.31399092, -0.31399092, -0.31399092, -0.31399092, -0.31399092, -0.31399092, -0.31399092, -0.31399092, -0.31399092, -0.31399092, -0.31399092, -0.31399092, -0.31399092, -0.31399092, -0.31399092, -0.31399092, -0.31399092, -0.31399092, -0.31399092, -0.31399092, -0.31399092, 0.24130026, 0.2471747, -0.5622624, 0.0815539, 0.5595679, 0.5472494, 0.810172, 1.1462208, 1.0617567]
,[-0.1595754, -0.1595754, 1.1163836, 1.0581107, 0.84230274, 1.0777863, 1.1698725, 1.1718847, 1.1623886, 1.158167, 1.1237257, 1.1836653, 1.1192101, 0.7586287, 0.32083127, -0.79117745, -1.0156524, -1.1074563, -0.642921, -0.642921, -0.642921, -0.642921, -0.642921, -0.642921, -0.642921, -0.642921, -0.642921, -0.642921, -0.642921, -0.642921, -0.642921, -0.642921, -0.642921, -0.642921, -0.642921, -0.642921, -0.642921, -0.642921, -0.642921, -0.642921, -0.642921, -0.642921, -0.642921, -0.12147485, -0.08528716, -0.16089275, 0.6522588, 0.34542316]
,[-0.1595754, -0.1595754, 1.0799088, 0.7946475, 0.7802837, 1.1617225, 1.1900492, 1.1878301, 1.1746094, 1.1694058, 1.1722097, 1.1585691, 1.1297219, 0.96455663, 0.8093829, 0.6309514, 1.0432817, 1.0432817, 1.0432817, -0.2660665, -0.9594994, 0.32213444, 0.32213444, 0.32213444, -0.38228893, -0.26157933, 0.23381852]
,[-0.1595754, -0.1595754, 1.0745748, 1.0188396, 1.1581813, 1.187304, 1.1975516, 1.1935126, 1.1830436, 1.1470721, 0.885446, 0.8895136, 0.8214196, 0.83303064, 0.77975595, 1.0837469, 1.0837469, 1.0837469, 0.44755968, -0.82660276, -1.002978, -0.22558685, -0.22558685, -0.22558685, 0.44755968]
,[0.35476878, 0.89113635, 1.1476661, 1.1976225, 1.199456, 1.1914823, 1.1691297, 1.1720955, 1.1821349, 1.1882106, 1.1087446, -0.1674931, 0.0794004, -0.055109397, -0.7389803, -1.0024116, -1.0676041, -0.3645685, -0.3645685, -0.3645685, 0.44755968, 0.6092613, 1.0173782, 1.0173782, 1.0173782]
,[-0.1595754, -0.1595754, 0.8445791, 1.0995419, 1.0080456, 1.1440873, 1.1678239, 1.1661557, 1.1593502, 1.1879168, 1.1341527, 0.8596749, 0.5854279, 0.65513843, 1.0410419, 1.0410419, 1.0410419, 1.0410419, 0.44755968, -0.6388151, -0.9452376, -0.14204527, -0.14204527, -0.14204527, 0.25788292, 0.5260663, 0.5260663, 0.5260663]
,[0.35476878, 0.89113635, 0.8339111, 1.091765, 1.1703877, 1.1826509, 1.1074353, 1.1254514, 1.152258, 1.1570435, 0.6127222, 0.26895913, -0.36191654, -0.7085944, -1.0864999, -1.1085817, 0.295791, 0.295791, -0.2660665, -0.19825898, 0.37952158, -0.60751766, -0.350721, 0.119688444, 0.6291871, 0.6291871, 0.6291871, 0.44755968]
,[-0.1595754, -0.1595754, 1.1048572, 1.1619718, 1.1824608, 1.195365, 1.1977476, 1.1955836, 1.1872752, 1.1667581, 1.1888071, 1.1632628, 1.0400373, 0.7565774, 0.7425497, 1.0888412, 1.0888412, 1.0888412, 0.36025882, 0.56827444, -0.8384926, 0.06407526]
,[0.22926416, 0.6253289, 1.1837411, 1.1985909, 1.1993983, 1.1902217, 1.1955011, 1.1908826, 1.1705563, 1.187894, 1.1552829, 1.148447, 1.1095179, 1.179825, 1.137565, -0.18043819, -1.0022733, -1.0984199, -0.47695896, -0.47695896, -0.47695896, -0.47695896, 0.44755968, 0.6671376, 0.6671376, 0.10515128, 0.44868863, 0.56395227]
,[0.289733, 0.84913754, 1.1308708, 1.1855786, 1.1990031, 1.1942528, 1.1919546, 1.1918869, 1.1726596, 1.1673319, 1.1614391, 0.870133, 1.1356483, 1.1068782, -0.36181334, -0.2792786, -0.8601961, -0.102115974, -0.102115974, -0.102115974, -0.36443093, -0.3625821, -0.2970123, 0.4916673, 0.4916673, 0.4916673, 0.4916673, 0.4916673]
,[-0.1595754, -0.1595754, 0.86394674, 0.9928418, 1.1360888, 1.1537541, 1.1639646, 1.1683651, 1.1858815, 1.1567899, 0.95370567, 0.7790021, 0.72471774, -0.5625349, 0.40765744, 0.40765744, 0.40765744, -0.720611, -1.0007565, -1.1063986, -0.63254994, -0.63254994, -0.63254994, -0.63254994, -0.63254994, -0.63254994, -0.63254994, -0.63254994, -0.63254994, -0.63254994, -0.63254994, -0.63254994, -0.63254994, -0.63254994, -0.63254994, -0.63254994, -0.63254994, -0.63254994, -0.63254994, -0.63254994, -0.63254994, -0.63254994, 0.35476878, 0.15990287, 0.051881775]
,[-0.1595754, -0.1595754, 1.0694013, 1.1186535, 1.1605473, 1.1946507, 1.1911925, 1.1928259, 1.189238, 1.1932253, 1.1722472, 1.0476015, 0.669323, 0.673215, 1.1061394, 1.1061394, 1.1061394, -0.23671323, 0.23496683, 0.8599007, 0.8599007, 0.8599007, 0.8599007]
,[-0.83734155, -1.0051087, -0.88599414, -0.2723329, -0.6021902, -0.04106425, 0.80064267, 1.1308925, 1.1784599, 1.1976273, 1.1973759, 1.1984302, 1.1960156, 1.1908755, 1.1934972, 1.1401018, 0.94901854, 0.6929697, 0.17648557, 0.9660148, 0.9660148, 0.9660148, 0.9660148, 0.9660148, 0.9660148, 0.9660148, 0.9660148]
,[0.35476878, 0.89113635, 1.1808131, 1.1977986, 1.1990176, 1.1747403, 1.1860795, 1.1888605, 1.1719799, 1.1727706, 1.1795632, 1.1749083, 1.1597189, 1.1509763, 0.2128708, -0.15728481, -1.0066427, -0.4397063, -0.4397063, -0.4397063, -0.4397063, -0.4397063, -0.4397063, -0.4397063, -0.4397063, -0.4397063, -0.4397063, -0.4397063, -0.4397063, -0.4397063, -0.4397063, -0.4397063, -0.4397063, -0.4397063, -0.4397063, -0.4397063, -0.4397063, -0.4397063, 0.2808137, -0.2677515, -0.91026896, 0.23310934, 0.52936435, 0.715719, 0.855663, 1.0202457, 0.98367244]
,[-0.1595754, -0.1595754, 1.0982126, 0.7258394, 0.92595625, 1.1938788, 1.1904248, 1.1926314, 1.196701, 1.1859319, 1.1794103, 1.1716099, 1.1863786, 1.0939009, 0.8584527, 0.7025494, -0.6484629, -0.17460412, -0.17460412, -0.17460412, -0.64405394, -0.23662435, -0.9980971, -0.3915775, -0.3915775, -0.3915775, -0.3915775, -0.3915775, -0.3915775, -0.3915775, -0.3915775, -0.3915775, -0.3915775]
,[-0.1595754, -0.1595754, 1.1565179, 1.1483437, 1.0551124, 1.1352512, 1.1637992, 1.178501, 1.1665579, 1.1527947, 1.1271188, 1.0897338, -0.4318525, -1.0352308, -0.5154901, -0.5154901, -0.5154901, -0.5154901, -0.5154901, -0.5154901, -0.5154901, -0.5154901, -0.5154901, -0.5154901, -0.5154901, -0.5154901, -0.5154901, -0.5154901, -0.5154901, -0.5154901, -0.5154901, -0.5154901, -0.5154901, -0.5154901, -0.5154901, -0.5154901, -0.5154901, -0.5154901, -0.5154901]
,[-0.1595754, -0.1595754, 1.029541, 1.1434375, 1.0793486, 1.0845551, 1.1333097, 1.1444734, 1.1536342, 1.1706883, 1.0916802, 0.6750085, -0.9094234, -1.0226024, -0.008954269, -0.008954269, -0.008954269, -0.008954269, -0.5580362]
,[0.048211597, 0.4015171, 1.1346241, 1.1234165, 1.152548, 1.1900754, 1.1914674, 1.1825771, 1.1671441, 1.1536008, 1.151861, 1.0925366, 0.815353, 0.5967645, 0.6317204, -0.6591594, 0.26041993, 0.26041993, 0.26041993, 0.44755968, -0.68744445, -0.19170648, -0.9486163, -1.0006855, -1.1013457, -0.55416435, -0.55416435, -0.55416435, -0.720611, -0.21704295, -0.99676377, -1.0752456, -0.51653683, 0.49083096, 0.49083096, 0.49083096, -0.5995866, -0.35325903, 0.00083671947, -0.85242575, -0.86395216, -0.77240777, -0.7795455, -0.84171486, -0.20300598, 0.37198284, 0.35931703, 1.1640204, 1.1749542]
,[-0.1595754, -0.1595754, 1.1006379, 1.1462159, 1.1442, 1.1879448, 1.1947073, 1.1939371, 1.1815901, 1.1596147, 1.1761172, 1.1479033, 1.0128957, 0.6869618, -0.5847993, -0.1539542, -0.1539542, -0.1539542, -0.35353738, -1.0267395, -0.40512502, -0.40512502, -0.40512502, -0.40512502, -0.40512502, -0.40512502, -0.40512502, -0.40512502]
,[-0.1595754, -0.1595754, 1.1070954, 1.1227491, 1.1376324, 1.1912268, 1.1951063, 1.1954051, 1.1882066, 1.166857, 1.1560498, 1.0710589, 0.82270837, 0.6882539, 0.7596367, 0.67945004, 1.0507532, 1.0507532, 1.0507532, -0.109181456, -0.5430076, -1.0375552, -0.5216712, -0.5216712, -0.5216712, -0.5216712, -0.5216712, -0.5216712, -0.5216712, -0.5216712, -0.5216712, -0.5216712, -0.5216712, -0.5216712, -0.5216712, -0.5216712, -0.5216712, -0.5216712, -0.5216712, -0.5216712, -0.5216712, -0.5216712, -0.5216712, 0.048211597, 0.1370349, 0.48201272, -0.20575893, -0.4297814, 0.89709383, 1.0820118]
,[-0.1595754, -0.1595754, 1.1836326, 1.1883154, 1.1930364, 1.1975415, 1.1987026, 1.1990981, 1.1993682, 1.1965269, 1.1927935, 1.1651384, 1.0344915, 0.9124977, 1.0324103, 1.0324103, 1.0324103, 1.0324103, 0.44755968, 0.6671376, 0.6671376, 0.6671376, 0.44755968]
,[0.22470589, 0.6305902, 1.1939572, 1.1955049, 1.1978102, 1.1851628, 1.150496, 1.1945302, 1.191094, 1.1690536, 1.1607279, 1.1620746, 1.1615226, 1.1879227, 1.1408771, 1.0166669, 0.7702862, 0.06098954, 0.8104242, 0.8104242, 0.8104242, 0.8104242, -0.34781814, -1.0262918, -0.40184662, -0.40184662, -0.40184662, -0.40184662, -0.40184662, -0.40184662, -0.40184662, -0.40184662, -0.40184662, -0.40184662, -0.40184662, -0.40184662, -0.40184662]
,[-0.1595754, -0.1595754, 1.095633, 1.1415519, 1.1394874, 1.1894073, 1.181656, 1.1887319, 1.1800418, 1.1767379, 1.1921976, 1.1924613, 1.1514388, 1.0280262, 0.5996066, 0.6655382, 1.0720472, 1.0720472, 1.0720472, 0.44755968, 0.6671376, 0.6671376]
,[0.43670598, 0.60602576, 1.1464128, 1.1877506, 1.1920384, 1.1832523, 1.1743423, 1.1685646, 1.1306225, 1.1472461, 1.186622, 1.182321, 1.1231489, 0.9118904, -0.885195, -1.0020546, -1.1109208, 0.2149377, 0.2149377, 0.2149377, 0.39005217, 0.7140713, 0.769479, 1.0804855, 1.0804855]
,[0.35476878, 0.89113635, 1.1862522, 1.1968925, 1.1980567, 1.1789407, 1.1924129, 1.192965, 1.1898501, 1.1822026, 1.1627436, 1.1620953, 1.1389856, 0.99869674, 0.72005975, 0.7375687, -0.718558, 0.26755348, 0.26755348, 0.26755348, 0.26755348, -0.720611, -0.24986725, -0.24986725, -0.24986725, -0.40425053, -1.0190505, -0.5505125, -0.5505125, -0.5505125, -0.5505125, -0.5505125, -0.5505125, -0.5505125, -0.5505125, -0.5505125, -0.5505125, -0.5505125, -0.5505125, -0.5505125, -0.5505125, -0.80486524, -0.8847205, 0.16795881, 1.0543119, 1.149226, 1.11548, 1.1722623]
,[-0.1595754, -0.1595754, 1.0510854, 1.1256019, 1.0712478, 1.0591197, 1.1901498, 1.1894137, 1.1801312, 1.1554544, 1.1819481, 1.1928939, 1.1953726, 1.1652477, 1.0169971, 0.6499378, 1.0701194, 1.0701194, 1.0701194, -0.720611, -0.35899416, -1.0168735, -0.4423838, -0.4423838, -0.4423838, -0.4423838, -0.4423838, -0.4423838, -0.4423838, -0.4423838, -0.4423838, -0.4423838, -0.4423838, -0.4423838, -0.4423838, -0.4423838, -0.4423838, -0.4423838, -0.4423838, -0.4423838, -0.4423838, -0.4423838, -0.4423838, -0.4423838, -0.4423838, -0.4423838, -0.4423838, -0.4423838, -0.4423838, -0.6222598, -1.0311458, -0.01781906, -0.23366123, -0.3130974]
,[-0.1595754, -0.1595754, 1.0385251, 1.1115249, 1.1495103, 1.1822791, 1.197248, 1.1919752, 1.1824533, 1.1577725, 1.188138, 1.193083, 1.1634209, 1.0470855, -0.76628333, -0.16801992, -0.16801992, -0.16801992, -0.16801992, -0.16801992, -0.16801992, -0.16801992, -0.16801992, -0.16801992, -0.16801992, -0.16801992, -0.16801992, -0.16801992, -0.16801992, -0.16801992, -0.16801992, -0.16801992, -0.16801992, -0.16801992, -0.16801992, -0.16801992, -0.16801992, -0.16801992, -0.16801992, -0.16801992, -0.16801992, -0.16801992, -0.16801992, -0.16801992, -0.16801992, -0.16801992]
,[-0.1595754, -0.1595754, 1.0498315, 1.1208106, 1.0097911, 1.1586291, 1.1808896, 1.1677195, 1.1337777, 1.1445862, 1.1470205, 1.1441357, 0.9587241, -0.590162, -0.9927899, -1.02892, -0.50350744, -0.50350744, -0.50350744, -0.50350744, -0.285759, -1.0219058, -0.3646956, -0.3646956, -0.3646956, -0.42631248, -1.0231422, -0.56434226, -0.56434226, -0.56434226, -0.56434226, -0.56434226, -0.56434226, -0.56434226, -0.56434226, -0.56434226, -0.56434226, -0.56434226, -0.56434226, -0.56434226, -0.56434226, -0.56434226, -0.16015925, -0.06849629, 0.635664, 0.78484386, 0.6854052]
,[-0.1595754, -0.1595754, 1.1289482, 1.1659919, 1.1728612, 1.1978934, 1.1994815, 1.1997452, 1.1961552, 1.1679026, 1.1886399, 1.1266043, 0.92539907, 1.0110923, 1.0110923, 1.0110923, 1.0110923, 1.0110923, 1.0110923, 1.0110923, 1.0110923, 1.0110923, 1.0110923, 1.0110923]
,[0.32935452, 0.86608124, 0.5360462, 0.95066404, 1.1684067, 1.1850289, 1.1439915, 1.156404, 1.1967859, 1.1930444, 1.1848246, 1.1456773, 1.1847388, 1.1447242, -0.16298413, -1.009415, -0.39576235, -0.39576235, -0.39576235, -0.39576235, -0.39576235, -0.39576235, -0.39576235, -0.39576235, -0.39576235]
,[-0.1595754, -0.1595754, -0.24449925, 0.95725226, 0.9859781, 0.8509701, 1.1098654, 1.1664366, 1.1565979, 0.87274957, 0.057192706, 0.23434597, -0.6093806, -1.0000327, -1.1109831, 0.28334153, 0.28334153, 0.28334153, -0.4944698, -0.44262195, -1.0005705]
,[0.404872, 0.5959469, 1.1485862, 1.1976151, 1.1995128, 1.1990676, 1.1897941, 1.1807622, 1.1670346, 1.1604158, 1.159225, 1.1656215, 1.1845835, 1.1237986, 0.95295465, 0.7315517, 0.6590193, 1.0688162, 1.0688162, 1.0688162, -0.35507333, -0.325078, -0.78236765, -0.0045982897, -0.0045982897, -0.0045982897, -0.0045982897, -0.0045982897, -0.0045982897, -0.0045982897, -0.0045982897, -0.0045982897, -0.0045982897, -0.0045982897]
,[-0.1595754, -0.1595754, 1.1934738, 1.1915706, 1.1991884, 1.1959035, 1.1969987, 1.1906898, 1.1936097, 1.1944265, 1.1674942, 1.0267041, 0.7478982, 1.0867127, 1.0867127, 1.0867127, -0.65582186, -0.3928557, 0.21068104, 0.921444, 0.921444, 0.921444, 0.921444]
,[0.38796747, 0.5919758, 1.1797793, 1.197627, 1.1988881, 1.1950073, 1.1901547, 1.1745756, 1.1847732, 1.1667529, 1.1624933, 1.189731, 1.1606969, 1.0306545, 0.90936726, -0.06134568, 0.69493407, 0.69493407, 0.69493407, -0.31819144, -0.9571658, -1.0984342, -0.26690024, -0.26690024, -0.26690024, -0.720611, -0.7735146, -0.98344755, -0.17912835, -0.17912835, -0.17912835, -0.720611, -0.16756347, 0.57311577, 0.57311577, 0.57311577]
,[-0.1595754, -0.1595754, 0.9409212, 0.9462547, 1.1036524, 1.1687737, 1.1899711, 1.1819621, 1.168327, 1.1663837, 1.1654874, 1.1444077, 1.0570965, 0.51943725, 0.6305396, 1.0423256, 1.0423256, 1.0423256, 0.44755968, 0.1612697, -0.782629, -0.16917267, -0.16917267, -0.16917267, -0.368456, 0.12612431, 0.12612431]
,[-0.16015925, -0.48522285, 1.1659993, 1.1925583, 1.198626, 1.1837986, 1.1252656, 1.1459948, 1.1911652, 1.1899495, 1.1835979, 1.1708674, 1.1900568, 1.1826546, 1.193593, 1.1641437, 1.0824211, 0.7775358, 0.7464683, -0.08804569, 0.8067748, 0.8067748, 0.8067748, 0.8067748, 0.44755968, -0.82660276, -0.11133276, -0.7431861, 0.16346852, 0.16346852, 0.16346852, -0.60458374, -0.9427865, -0.5040471]
,[-0.1595754, 0.63371575, 1.0591207, 1.1439434, 1.1348618, 1.1662289, 1.1703203, 1.170823, 1.1861973, 1.1913936, 1.1302228, 0.90408903, 0.64188427, -0.68001866, -0.19524503, -0.19524503, -0.19524503, -0.595535, -0.9871171, -1.0995901, -0.5148979, -0.5148979, -0.5148979, -0.5148979, -0.5148979, -0.5148979]
,[0.19126822, 0.6801656, 1.1868691, 1.1986029, 1.1984928, 1.1957476, 1.1907209, 1.1956096, 1.1752677, 1.1637024, 1.1524374, 1.1791213, 1.1756058, 1.1362811, 1.1803863, 1.1009202, 0.90679234, -0.73479503, -0.23000145, -0.23000145, -0.23000145, -0.23000145, -0.27724528, 0.1995722, 0.1995722, 0.1995722, 0.38421562]
,[-0.1595754, -0.1595754, 0.99442446, 1.1469507, 1.1446202, 1.1945329, 1.1904107, 1.1845498, 1.166754, 1.1891247, 1.1627411, 1.1132185, 0.8835018, -0.7019926, -0.088180214, 0.80752563, 0.80752563, 0.80752563, 0.44755968, 0.37710193, 0.9372921, 0.9372921, 0.9372921, 0.9372921]
,[0.39422023, 0.5927883, 1.1912953, 1.1981735, 1.1993026, 1.1900564, 1.1953511, 1.173801, 1.1784571, 1.171676, 1.1960349, 1.1878585, 1.1454302, 0.98910844, 0.76508826, 0.75427026, 1.0852141, 1.0852141, 1.0852141, -0.720611, -0.16756347]
,[-0.1595754, -0.1595754, 0.41548127, 1.0588205, 1.0931485, 1.1355927, 1.1949716, 1.1782196, 1.1568965, 0.9839156, 0.83422047, 1.0785892, 1.0785892, 1.0785892, 0.44755968, 0.31137335, 0.5937873, 1.0563947, 1.0563947]
,[0.3215854, 0.5834708, 1.1857919, 1.1948516, 1.1974025, 1.1983765, 1.1943176, 1.1839088, 1.1643552, 1.1853507, 1.1722505, 1.1643966, 1.1837643, 1.178358, 1.1489431, 0.98721194, 0.7437023, -0.82440495, 0.08914929, 0.08914929, 0.08914929, 0.08914929, 0.08914929, 0.08914929, 0.08914929, 0.08914929, 0.08914929, 0.08914929, 0.08914929, 0.08914929, 0.08914929, 0.08914929, 0.08914929, 0.08914929, 0.08914929]
,[-0.1595754, 1.1709452, 1.1941724, 1.1965091, 1.194619, 1.178333, 1.1983477, 1.1936222, 1.1791179, 1.1643084, 1.1881983, 1.1328582, 1.0184946, 0.5632768, -0.18581763, 0.8232914, 0.8232914, 0.8232914, -0.23671323, 0.23496683, 0.56014353, -0.82440495, 0.08914929, 0.08914929, 0.08914929, 0.08914929, 0.08914929, 0.08914929, 0.08914929, 0.08914929, 0.08914929, 0.08914929, 0.08914929, 0.08914929, 0.08914929, 0.08914929, 0.08914929, 0.08914929, 0.08914929, 0.08914929, 0.08914929, -0.2660665, -0.9613683, -1.1109831, -1.1109831, 0.28334153, 0.28334153, -0.49775025, 0.31265903, 0.3370002]
,[-0.1595754, -0.1595754, 1.1692475, 1.1708114, 1.1967468, 1.1980797, 1.1961948, 1.1913561, 1.0983284, 1.1718407, 1.0961668, 0.9517832, 0.13883443, 0.9938776, 0.9938776, 0.9938776, 0.032281905, -0.38631645, -0.6183117, 0.39052182, 0.39052182, 0.39052182, 0.39052182, 0.39052182, 0.39052182, 0.39052182, 0.39052182, 0.39052182, 0.39052182, 0.39052182, 0.39052182, 0.39052182, 0.39052182]
,[-0.1595754, -0.1595754, 1.1821585, 1.1935847, 1.1976539, 1.1910977, 1.1505284, 1.1985326, 1.1982213, 1.1944498, 1.1929343, 1.1439613, 1.0057775, 0.7339153, 0.74027956, 1.1062635, 1.1062635, 1.1062635, 0.2782917, -0.045306735, 0.5111536, 1.07189, -0.79629695]
,[0.3382162, 0.58438194, 0.92998886, 1.1055835, 1.146051, 1.0936465, 0.9265411, 1.124081, 1.1579448, 1.161943, 1.15147, 1.1651428, 1.1728432, 0.2287084, -1.0003321, -0.99118227, -1.0809283, -0.77367204, -0.77367204, -0.77367204, -0.77367204, -0.720611, -1.070028, -1.1211535, -0.51653683, 0.49083096, 0.49083096, 0.49083096, 0.35476878, 0.6106808, 0.55803585, 0.65462613, 0.6997391, 1.0820091, 1.0820091, 1.0820091, 0.44755968, -0.8076377, -0.12701946, 0.7170985, 0.7170985, 0.7170985, -0.681344, -0.93167114, -1.0896853, -0.75307965, -0.75307965, -0.75307965, -0.5052091, -1.0187535, -0.34947067, 0.39677602, 0.91945726, 1.1176732]
,[-0.1595754, -0.1595754, 1.1651062, 1.172949, 1.184923, 1.1968877, 1.1988176, 1.1968528, 1.1753783, 1.1336514, 1.0666184, 0.89553875, 0.7782234, 0.7796716, 1.1439717, 1.1439717, 1.1439717, 0.44755968, 0.06548012, 0.29726693, 0.9623839, 0.9623839]
,[0.30896997, 0.58292896, 1.1937193, 1.1982661, 1.1974808, 1.1797777, 1.1828161, 1.18973, 1.1756264, 1.172677, 1.1691792, 1.1590247, 1.185979, 1.1595587, 1.0294, 0.8527262, 1.0728294, 1.0728294, 1.0728294, -0.720611, -0.557133, -1.0390483, -0.52829397, -0.52829397, -0.52829397, -0.52829397, -0.52829397, -0.52829397, -0.52829397, -0.52829397, -0.52829397, -0.52829397, -0.52829397, -0.52829397, -0.52829397, -0.52829397, -0.52829397, -0.52829397, -0.52829397, -0.52829397, -0.52829397, 0.35476878, -0.10663264, 0.46865997, 0.51464254, 0.42411312, 0.97009766, 0.9987743]
,[-0.1595754, -0.1595754, 1.1415522, 1.0782723, 1.1686469, 1.1837758, 1.1977446, 1.199166, 1.1953058, 1.1646813, 1.1894298, 1.1718031, 1.125284, 1.0275242, 0.82890713, 0.7787464, 1.0839038, 1.0839038, 1.0839038, -0.20960765]
,[0.33839497, 0.5844046, 1.1746572, 1.1934818, 1.197256, 1.1836526, 1.1743569, 1.1072962, 1.1369823, 1.1572032, 1.1509807, 1.1579692, 1.1885749, 1.16429, 1.0368236, 0.7768627, -0.813138, 0.08751283, 0.08751283, 0.08751283, 0.08751283, -0.720611, -1.070028, -0.6804552, -0.6804552, -0.6804552, -0.6804552, -0.6804552, -0.6804552, -0.6804552, -0.6804552, -0.6804552, -0.6804552, -0.6804552, -0.6804552, -0.6804552, -0.6804552, -0.6804552, 0.35476878, 0.88617414, 0.63698083, 0.6335163, 1.0014852, 0.40811238, 0.5786441, 1.0786929, 1.0731028]
,[-0.1595754, -0.1595754, 1.1660875, 1.1811969, 1.1911092, 1.1970826, 1.1973205, 1.1994177, 1.1943289, 1.1918424, 1.1606102, 1.0496662, 0.55619645, -0.86011624, -0.26155397, -0.26155397, -0.26155397, -0.41850075, -0.89721483, -0.36898842, -0.36898842, -0.36898842, -0.36898842, -0.36898842, -0.36898842, -0.36898842, -0.36898842, -0.36898842]
,[-0.1595754, -0.1595754, 0.67653483, 1.1091889, 1.1436344, 1.1575873, 1.1978946, 1.1922877, 1.1940686, 1.1919364, 1.1584585, 0.98321015, 0.61718935, -0.8224652, -0.254166, -0.254166, -0.254166, -0.254166, -0.254166, -0.254166, -0.254166, -0.254166, -0.254166, -0.254166, -0.254166, -0.254166, -0.254166, -0.254166, -0.254166]
,[-0.1595754, -0.1595754, 1.1614983, 1.0736291, 1.1731673, 1.1870241, 1.1974839, 1.1934109, 1.1852868, 1.1918612, 1.1675204, 0.8264438, 0.50926137, 1.0495473, 0.20850691, 0.743194, 0.743194, 0.743194, -0.088492684, -0.015249187, -0.9657232, -0.26307338, -0.26307338]
,[-0.1595754, -0.1595754, 0.56662303, 1.1054783, 1.0881277, 1.0833528, 1.1233051, 1.1678681, 1.1901844, 1.143167, 1.0346802, 0.77530026, 0.3269051, 0.94745, 0.94745, 0.94745, -0.2660665, -0.9716968, -1.1092796, 0.23794518, 0.23794518, 0.23794518, -0.2660665, -0.12681238]
,[-0.1595754, -0.1595754, 0.9228499, 1.1026218, 1.1083956, 1.1953366, 1.1966468, 1.1909269, 1.1731814, 1.1844277, 1.1768138, 1.1321825, 1.0828587, 0.8933542, 0.77099043, 0.7460205, 1.0895768, 1.0895768, 1.0895768, -0.65582186, -1.0640371]
,[0.44755968, 0.6092613, 0.48490846, 1.0868943, 1.1801511, 1.1467897, 1.0902606, 1.1479595, 1.1462648, 1.1484847, 0.7071635, 0.87258506, 0.4305934, -0.3064307, -1.0485668, -1.1064476, 0.25262466, 0.25262466, 0.25262466, -0.36345887, -0.093908, 0.354947, 0.87916785, 0.87916785, 0.87916785, 0.87916785]
,[-0.1595754, -0.1595754, 1.1796367, 1.1958166, 1.198279, 1.1926982, 1.186378, 1.1950257, 1.185952, 1.1776088, 1.1936485, 1.1708341, 1.08418, 0.8111263, 0.74703985, 1.0789075, 1.0789075, 1.0789075, 0.44755968, 0.4442847, -0.8760514, -0.009711035, -0.009711035, -0.009711035, -0.009711035, -0.009711035, -0.009711035, -0.009711035, -0.009711035, -0.009711035, -0.009711035, -0.009711035, -0.009711035, -0.009711035, -0.009711035, -0.009711035, -0.009711035, -0.009711035, -0.009711035, -0.009711035, -0.009711035, -0.009711035, -0.009711035, -0.009711035, -0.009711035, -0.009711035, -0.009711035, -0.2660665, -0.9613683, -1.1197295, 0.29712224, 0.29712224, 0.29712224]
,[-0.1595754, -0.1595754, 1.0893135, 1.0759109, 1.1559823, 1.1933951, 1.198937, 1.1946474, 1.178402, 1.0508114, 1.1460643, 1.1854484, 1.1648355, 1.0222561, 0.77920055, 1.0803316, 1.0803316, 1.0803316, 1.0803316, 0.1640851, -0.64504427, -0.017491203]
,[0.44755968, 0.6092613, 0.043477714, 0.13444579, 0.77105486, 1.1295551, 1.01906, 1.054356, 1.1271262, 1.1589588, 1.1628518, 1.190647, 1.160166, 0.9561513, 0.46861148, -0.70721376, -1.0597582, -0.66071856, -0.66071856, -0.66071856, -0.66071856, -0.66071856, -0.66071856, -0.66071856, -0.66071856, -0.66071856, -0.66071856, -0.66071856, -0.66071856, -0.66071856, -0.66071856, -0.66071856, -0.66071856, -0.66071856, -0.66071856, -0.66071856, -0.66071856, -0.66071856, 0.44755968, -0.4261128, -0.6045436, 0.0368862, 0.14203985, 0.15045546, -0.22456226, 0.5865966, 0.8220085, 0.38899943]
,[-0.1595754, -0.1595754, 1.0904197, 1.0281533, 1.154785, 1.1804308, 1.18963, 1.1701843, 1.1689928, 1.1660849, 1.1501727, 1.1875978, 1.1334952, 0.7754339, 0.18613765, -0.80600876, -0.1745953, -0.1745953, -0.1745953, -0.4079932, -0.9695369, 0.278396, 0.278396, 0.278396, 0.44755968, 0.5833256]
,[-0.1595754, -0.1595754, 0.92340285, 1.1027627, 1.041402, 1.0778174, 1.148035, 1.1621966, 1.165134, 1.1770334, 1.1347438, 1.0435457, 0.6376816, -0.72465074, -0.25214532, -0.25214532, -0.25214532, -0.25214532, -0.25214532, -0.25214532, -0.25214532, -0.25214532, -0.25214532, -0.25214532, -0.25214532]
,[0.35476878, 0.89113635, 1.1176299, 1.1907128, 1.1985621, 1.1966664, 1.1905775, 1.18982, 1.1625377, 1.169462, 1.1654565, 1.1603985, 1.1857461, 1.1205338, -0.39041469, -0.9574624, -0.68965757, -0.090043634, -0.090043634, -0.090043634, -0.090043634, -0.090043634, -0.090043634, -0.090043634, -0.090043634, -0.090043634, -0.090043634, -0.090043634, -0.090043634, -0.090043634, -0.090043634, -0.090043634, -0.090043634, -0.090043634]
,[-0.1595754, -0.1595754, 0.9732198, 1.1376964, 1.1285309, 1.1768116, 1.1640689, 1.1672938, 1.1677121, 1.0809925, 1.0827266, 0.90446043, 0.80223817, 0.54611343, 0.9833892, 0.9833892, 0.9833892, 0.9833892, -0.720611, -0.24986725]
,[0.44755968, 0.6092613, 0.39122027, 0.82020867, 1.1379868, 1.1038126, 1.1784481, 1.1823734, 1.170186, 1.168863, 1.1656667, 1.1577773, 0.9281601, 1.0006483, -0.48102474, -1.0504237, -1.1018656, -0.0726229, -0.0726229, -0.0726229, -0.0726229, 0.19999637, -0.24073079, -1.0001616, -0.3865048, -0.3865048, -0.3865048, -0.3865048, -0.3865048, -0.3865048, -0.3865048, -0.3865048, -0.3865048, -0.3865048, -0.3865048, -0.3865048, -0.3865048, -0.3865048, -0.3865048, -0.3865048, -0.3865048, -0.3865048, -0.3865048, -0.3865048, -0.3865048, -0.046940878, 0.6519203, 0.38103116, 0.1321334, 0.5950894]
,[-0.1595754, -0.1595754, 1.0342153, 1.0701177, 1.1296179, 1.1650933, 1.1863661, 1.1793692, 1.1697853, 1.1566564, 1.11009, 1.1002425, 0.84381914, 0.19738181, -0.94700855, -1.0365902, -0.18704577, -0.18704577, -0.18704577, -0.34175578, -0.4977256, 0.0012508344, 0.0012508344, 0.0012508344, 0.0012508344, 0.0012508344, 0.0012508344, 0.0012508344, 0.0012508344]
,[-0.1595754, -0.1595754, 1.0870483, 1.139379, 1.1797289, 1.1966627, 1.1933419, 1.1866887, 1.1827229, 1.1550958, 1.1856544, 1.1122383, 0.91665345, 0.62911785, 0.54066193, 1.02682, 1.02682, 1.02682, 0.34221867, 0.37832642, 0.92757434, 0.92757434]
,[0.289733, 0.84913754, 0.5702398, 1.0469118, 1.1242447, 1.0907012, 0.9256622, 1.1221334, 1.1599182, 1.1517168, 1.1150769, 1.0605807, 0.8263412, 0.6942626, -0.66171134, -0.23767355, -0.9145445, -1.0010468, -1.1099771, 0.22742812, 0.22742812, 0.22742812, 0.43658802, 0.61065626, 0.7338645, 1.0821235, 1.0821235, 1.0821235, 0.44755968, 0.029324006, 0.73160166, 0.73160166]
,[-0.1595754, 0.76970905, 0.6627736, 1.0715059, 1.0857686, 1.143322, 1.1390668, 1.1546638, 1.1387246, 1.1810639, 0.5251826, 0.115911014, -0.81875306, -1.0341915, -0.70034367, -0.70034367, -0.70034367, -0.70034367, -0.70034367, -0.70034367, -0.70034367, -0.70034367, -0.70034367, -0.70034367, -0.70034367, -0.70034367, -0.70034367, -0.70034367, -0.70034367, -0.70034367, -0.70034367, -0.70034367, -0.70034367, -0.70034367, -0.70034367, -0.70034367, -0.70034367, -0.70034367, -0.70034367, -0.70034367, -0.70034367, -0.70034367, -0.70034367, -0.70034367, -0.70034367, 0.31602168, 0.73247623, 0.52997375, 1.1828667, 1.1941872]
,[-0.1595754, -0.1595754, 0.91174906, 1.1385325, 1.141149, 1.1792701, 1.1986784, 1.1988281, 1.1964871, 1.1951126, 1.1855292, 1.1240606, 0.93753606, 0.71088403, -0.08676161, 0.80005294, 0.80005294, 0.80005294, 0.80005294, 0.80005294, 0.80005294]
,[0.4336771, 0.605084, 1.1812474, 1.1982408, 1.1964515, 1.1912085, 1.1749008, 1.1834135, 1.1631659, 1.149753, 1.1886871, 0.514294, -0.4734093, -0.8753427, -1.0780437, -1.0892229, 0.28533706, 0.28533706, 0.28533706, -0.4249841, -0.5707005, -0.13866113, 0.20388389, 0.20388389, 0.20388389]
,[0.18940122, 0.6908479, 1.1851767, 1.1971822, 1.1994454, 1.1964164, 1.1768235, 1.1887354, 1.1665446, 1.1630232, 1.160331, 1.1786077, 1.1892561, 1.1914951, 1.1515244, 1.0165353, 0.7463407, 1.0823917, 1.0823917, 1.0823917, -0.23671323, 0.028086644, -0.8143874, -0.16099584]
,[-0.15548958, -0.44574746, 1.1546919, 1.1952517, 1.1955824, 1.1873579, 1.1602224, 1.1949134, 1.1872997, 1.1710306, 1.1914896, 1.187034, 1.1505711, 0.9772193, 0.7617694, 0.73791075, 1.09184, 1.09184, 1.09184, 0.25187212, 0.5212907, -0.72202057, -0.23305462, -0.23305462, -0.23305462, -0.23305462, 0.44755968, 0.6671376]
,[-0.1595754, -0.1595754, 1.085544, 1.1220727, 1.022041, 1.1438441, 1.1663406, 1.1678699, 1.1558411, 1.176183, 1.1913449, 1.1560581, 1.0020748, 0.46604604, -0.7402469, -0.17499176, -0.17499176, -0.17499176, -0.2798574, -0.38915655, -1.0158293, -0.53663266, -0.53663266, -0.53663266, -0.53663266, -0.53663266, -0.53663266, -0.53663266, -0.53663266, -0.53663266, -0.53663266, -0.53663266, -0.53663266, -0.53663266, -0.53663266, -0.53663266, -0.53663266, -0.53663266, -0.53663266, -0.53663266, 0.35476878, 0.85975236, 0.25213164, 1.0651805, 0.7941991, 0.4637098, 0.037812024]
,[-0.1595754, -0.1595754, 1.169405, 0.88972336, 1.1330394, 1.1917423, 1.1910839, 1.1820378, 1.1641389, 1.1659048, 1.1553653, 1.1779804, 1.1226085, 1.0349343, 0.7744529, 0.77728283, 1.0841302, 1.0841302, 1.0841302, 0.44755968, -0.7747087, -1.054872, -0.55109787, -0.55109787, -0.55109787, -0.55109787, -0.55109787, -0.55109787, -0.55109787, -0.55109787]
,[-0.1595754, 0.9954, 1.1172658, 1.1182548, 1.1947153, 1.187, 1.1818477, 1.1699299, 1.1504823, 1.1657797, 1.1325457, 0.84263486, 0.37553564, 0.56892425, 1.0441738, 1.0441738, 1.0441738, 0.44755968, 0.5733164, -0.8368253, 0.067087695, 0.067087695, 0.067087695, 0.067087695, 0.067087695, 0.067087695, 0.067087695]
,[-0.1595754, -0.1595754, 1.1872272, 1.1847742, 1.1705939, 1.196444, 1.1994088, 1.1992838, 1.1956223, 1.1926141, 1.1700499, 1.0950053, 0.9331872, 0.80922717, 1.0615118, 1.0615118, 1.0615118, 0.44755968, 0.6092613, 0.3515613, 0.9830318, 0.9830318, 0.9830318, 0.9830318]
,[-0.16015925, -0.48522285, 1.1748679, 1.1945089, 1.1965085, 1.191368, 1.1815194, 1.1938446, 1.1951917, 1.1983014, 1.1948304, 1.1944388, 1.1885313, 1.1680841, 1.0402755, 0.7802713, -0.74284154, 0.22955655, 0.22955655, 0.22955655, 0.22955655, 0.22955655, 0.22955655, 0.22955655, 0.22955655, 0.22955655, 0.22955655, 0.22955655, 0.22955655, 0.22955655, 0.22955655, 0.22955655, 0.22955655, 0.22955655, 0.22955655, 0.22955655, 0.22955655, 0.22955655, 0.22955655, 0.22955655, 0.22955655, 0.22955655, 0.22955655, 0.22955655, 0.22955655, 0.22955655, 0.22955655]
,[-0.1595754, -0.1595754, 1.1163526, 0.80817556, 1.0955554, 1.1626718, 1.1649913, 1.1757551, 1.168331, 1.1685444, 1.1877049, 1.1369205, 1.0398688, 0.84108526, 0.46089128, 0.38650146, 0.9717151, 0.9717151, 0.9717151, -0.2660665, -0.9613683, 0.32263505, 0.32263505, 0.32263505, -0.18396693]
,[0.289733, 0.84913754, 0.83018994, 1.083455, 1.1533178, 1.1778483, 1.174053, 1.1365944, 1.1505389, 0.5336569, 0.7695139, -0.121739715, 0.052434374, -0.95842737, -1.0506836, 0.316764, 0.316764, 0.316764, -0.30754867, 0.2112725, -0.1436323, 0.07229579, 0.07229579, 0.07229579, 0.07229579, 0.07229579, 0.07229579, 0.07229579]
,[-0.1595754, -0.1595754, 0.59874934, 1.0594388, 1.1435511, 1.1533037, 1.1869243, 1.1778904, 1.1910654, 1.1735709, 1.1415013, 0.98427474, 0.5519541, 0.41301492, 1.0075778, 1.0075778, 1.0075778, 0.34261796, 0.5600541, -0.8411975, 0.05916208, 0.05916208, 0.05916208, 0.05916208, 0.05916208, 0.05916208, 0.05916208, 0.05916208, 0.05916208, 0.05916208, 0.05916208, 0.05916208, 0.05916208, 0.05916208, 0.05916208]
,[-0.1595754, -0.1595754, 1.1188235, 1.1473359, 1.1878601, 1.195621, 1.1993955, 1.1968076, 1.1866405, 1.1899202, 1.1843995, 1.1135769, 0.9340898, 0.70505536, 0.6319391, 1.0703566, 1.0703566, 1.0703566, 1.0703566, 0.44755968, 0.6092613]
